# E (MeV)|Geant_Asym|Physics_Asym
0.03500000000               -6
2.253886637 10               -6
2.080000000 10
0.03800000000               -6
2.419472918 10               -6
2.290000000 10
0.04100000000               -6
2.584532698 10               -6
2.500000000 10
0.04500000000               -6
2.749068136 10               -6
2.700000000 10
0.04800000000               -6
2.913081383 10               -6
2.910000000 10
0.05100000000               -6
3.076574583 10               -6
3.110000000 10
0.05500000000               -6
3.239549875 10               -6
3.310000000 10
0.05800000000               -6
3.402009391 10               -6
3.510000000 10
0.06100000000               -6
3.563955256 10               -6
3.710000000 10
0.06400000000               -6
3.725389590 10               -6
3.910000000 10
0.06800000000               -6
3.886314505 10               -6
4.100000000 10
0.07100000000               -6
4.046732108 10               -6
4.300000000 10
0.07400000000               -6
4.206644499 10               -6
4.490000000 10
0.07800000000               -6
4.366053772 10               -6
4.680000000 10
0.08100000000               -6
4.524962013 10               -6
4.870000000 10
0.08400000000               -6
4.683371305 10               -6
5.060000000 10
0.08800000000               -6
4.841283721 10               -6
5.250000000 10
0.09100000000               -6
4.998701330 10               -6
5.430000000 10
0.09400000000               -6
5.155626195 10               -6
5.620000000 10
0.09800000000               -6
5.312060370 10               -6
5.800000000 10
0.1010000000               -6
5.468005906 10               -6
5.980000000 10
0.1040000000               -6
5.623464846 10               -6
6.160000000 10
0.1070000000               -6
5.778439226 10               -6
6.340000000 10
0.1110000000               -6
5.932931078 10               -6
6.520000000 10
0.1140000000               -6
6.086942425 10               -6
6.700000000 10
0.1170000000               -6
6.240475287 10               -6
6.870000000 10
0.1210000000               -6
6.393531675 10               -6
7.050000000 10
0.1240000000               -6
6.546113594 10               -6
7.220000000 10
0.1270000000               -6
6.698223045 10               -6
7.400000000 10
0.1310000000               -6
6.849862021 10               -6
7.570000000 10
0.1340000000               -6
7.001032509 10               -6
7.740000000 10
0.1370000000               -6
7.151736489 10               -6
7.910000000 10
0.1410000000               -6
7.301975938 10               -6
8.080000000 10
0.1440000000               -6
7.451752823 10               -6
8.240000000 10
0.1470000000               -6
7.601069107 10               -6
8.410000000 10
0.1500000000               -6
7.749926746 10               -6
8.580000000 10
0.1540000000               -6
7.898327690 10               -6
8.740000000 10
0.1570000000               -6
8.046273885 10               -6
8.910000000 10
0.1600000000               -6
8.193767267 10               -6
9.070000000 10
0.1640000000               -6
8.340809768 10               -6
9.230000000 10
0.1670000000               -6
8.487403315 10               -6
9.390000000 10
0.1700000000               -6
8.633549827 10               -6
9.560000000 10
0.1740000000               -6
8.779251218 10               -6
9.720000000 10
0.1770000000               -6
8.924509395 10               -6
9.870000000 10
0.1800000000               -6
9.069326260 10 0.00001000000000
0.1840000000               -6
9.213703708 10 0.00001020000000
0.1870000000               -6
9.357643629 10 0.00001030000000
0.1900000000               -6
9.501147906 10 0.00001050000000
0.1930000000               -6
9.644218416 10 0.00001070000000
0.1970000000               -6
9.786857032 10 0.00001080000000
0.2000000000               -6
9.929065617 10 0.00001100000000
0.2030000000 0.00001007084603 0.00001110000000
0.2070000000 0.00001021220013 0.00001130000000
0.2100000000 0.00001035312976 0.00001140000000
0.2130000000 0.00001049363676 0.00001160000000
0.2170000000 0.00001063372297 0.00001170000000
0.2200000000 0.00001077339022 0.00001190000000
0.2230000000 0.00001091264032 0.00001200000000
0.2270000000 0.00001105147511 0.00001220000000
0.2300000000 0.00001118989639 0.00001230000000
0.2330000000 0.00001132790596 0.00001250000000
0.2360000000 0.00001146550563 0.00001260000000
0.2400000000 0.00001160269719 0.00001280000000
0.2430000000 0.00001173948243 0.00001290000000
0.2460000000 0.00001187586313 0.00001310000000
0.2500000000 0.00001201184107 0.00001320000000
0.2530000000 0.00001214741801 0.00001330000000
0.2560000000 0.00001228259573 0.00001350000000
0.2600000000 0.00001241737599 0.00001360000000
0.2630000000 0.00001255176052 0.00001380000000
0.2660000000 0.00001268575110 0.00001390000000
0.2700000000 0.00001281934944 0.00001410000000
0.2730000000 0.00001295255730 0.00001420000000
0.2760000000 0.00001308537640 0.00001430000000
0.2790000000 0.00001321780847 0.00001450000000
0.2830000000 0.00001334985521 0.00001460000000
0.2860000000 0.00001348151836 0.00001480000000
0.2890000000 0.00001361279961 0.00001490000000
0.2930000000 0.00001374370066 0.00001500000000
0.2960000000 0.00001387422321 0.00001520000000
0.2990000000 0.00001400436896 0.00001530000000
0.3030000000 0.00001413413958 0.00001550000000
0.3060000000 0.00001426353675 0.00001560000000
0.3090000000 0.00001439256215 0.00001570000000
0.3130000000 0.00001452121744 0.00001590000000
0.3160000000 0.00001464950429 0.00001600000000
0.3190000000 0.00001477742435 0.00001610000000
0.3220000000 0.00001490497926 0.00001630000000
0.3260000000 0.00001503217069 0.00001640000000
0.3290000000 0.00001515900026 0.00001650000000
0.3320000000 0.00001528546960 0.00001670000000
0.3360000000 0.00001541158036 0.00001680000000
0.3390000000 0.00001553733414 0.00001690000000
0.3420000000 0.00001566273256 0.00001710000000
0.3460000000 0.00001578777724 0.00001720000000
0.3490000000 0.00001591246978 0.00001730000000
0.3520000000 0.00001603681178 0.00001740000000
0.3560000000 0.00001616080483 0.00001760000000
0.3590000000 0.00001628445053 0.00001770000000
0.3620000000 0.00001640775046 0.00001780000000
0.3650000000 0.00001653070619 0.00001800000000
0.3690000000 0.00001665331929 0.00001810000000
0.3720000000 0.00001677559135 0.00001820000000
0.3750000000 0.00001689752390 0.00001830000000
0.3790000000 0.00001701911852 0.00001850000000
0.3820000000 0.00001714037674 0.00001860000000
0.3850000000 0.00001726130013 0.00001870000000
0.3890000000 0.00001738189020 0.00001890000000
0.3920000000 0.00001750214851 0.00001900000000
0.3950000000 0.00001762207657 0.00001910000000
0.3990000000 0.00001774167592 0.00001920000000
0.4020000000 0.00001786094806 0.00001940000000
0.4050000000 0.00001797989451 0.00001950000000
0.4080000000 0.00001809851678 0.00001960000000
0.4120000000 0.00001821681637 0.00001970000000
0.4150000000 0.00001833479478 0.00001980000000
0.4180000000 0.00001845245349 0.00002000000000
0.4220000000 0.00001856979399 0.00002010000000
0.4250000000 0.00001868681776 0.00002020000000
0.4280000000 0.00001880352628 0.00002030000000
0.4320000000 0.00001891992102 0.00002050000000
0.4350000000 0.00001903600343 0.00002060000000
0.4380000000 0.00001915177498 0.00002070000000
0.4420000000 0.00001926723712 0.00002080000000
0.4450000000 0.00001938239131 0.00002090000000
0.4480000000 0.00001949723897 0.00002110000000
0.4510000000 0.00001961178156 0.00002120000000
0.4550000000 0.00001972602050 0.00002130000000
0.4580000000 0.00001983995722 0.00002140000000
0.4610000000 0.00001995359314 0.00002150000000
0.4650000000 0.00002006692967 0.00002160000000
0.4680000000 0.00002017996824 0.00002180000000
0.4710000000 0.00002029271025 0.00002190000000
0.4750000000 0.00002040515709 0.00002200000000
0.4780000000 0.00002051731017 0.00002210000000
0.4810000000 0.00002062917087 0.00002220000000
0.4850000000 0.00002074074057 0.00002230000000
0.4880000000 0.00002085202067 0.00002250000000
0.4910000000 0.00002096301253 0.00002260000000
0.4940000000 0.00002107371753 0.00002270000000
0.4980000000 0.00002118413703 0.00002280000000
0.5010000000 0.00002129427238 0.00002290000000
0.5040000000 0.00002140412495 0.00002300000000
0.5080000000 0.00002151369609 0.00002320000000
0.5110000000 0.00002162298713 0.00002330000000
0.5140000000 0.00002173199942 0.00002340000000
0.5180000000 0.00002184073429 0.00002350000000
0.5210000000 0.00002194919307 0.00002360000000
0.5240000000 0.00002205737709 0.00002370000000
0.5280000000 0.00002216528766 0.00002380000000
0.5310000000 0.00002227292610 0.00002390000000
0.5340000000 0.00002238029371 0.00002410000000
0.5370000000 0.00002248739181 0.00002420000000
0.5410000000 0.00002259422169 0.00002430000000
0.5440000000 0.00002270078464 0.00002440000000
0.5470000000 0.00002280708196 0.00002450000000
0.5510000000 0.00002291311492 0.00002460000000
0.5540000000 0.00002301888481 0.00002470000000
0.5570000000 0.00002312439291 0.00002480000000
0.5610000000 0.00002322964047 0.00002490000000
0.5640000000 0.00002333462876 0.00002510000000
0.5670000000 0.00002343935905 0.00002520000000
0.5700000000 0.00002354383259 0.00002530000000
0.5740000000 0.00002364805063 0.00002540000000
0.5770000000 0.00002375201440 0.00002550000000
0.5800000000 0.00002385572516 0.00002560000000
0.5840000000 0.00002395918414 0.00002570000000
0.5870000000 0.00002406239256 0.00002580000000
0.5900000000 0.00002416535165 0.00002590000000
0.5940000000 0.00002426806263 0.00002600000000
0.5970000000 0.00002437052673 0.00002610000000
0.6000000000 0.00002447274513 0.00002620000000
0.6040000000 0.00002457471907 0.00002630000000
0.6070000000 0.00002467644972 0.00002650000000
0.6100000000 0.00002477793830 0.00002660000000
0.6130000000 0.00002487918599 0.00002670000000
0.6170000000 0.00002498019397 0.00002680000000
0.6200000000 0.00002508096344 0.00002690000000
0.6230000000 0.00002518149556 0.00002700000000
0.6270000000 0.00002528179151 0.00002710000000
0.6300000000 0.00002538185245 0.00002720000000
0.6330000000 0.00002548167956 0.00002730000000
0.6370000000 0.00002558127398 0.00002740000000
0.6400000000 0.00002568063687 0.00002750000000
0.6430000000 0.00002577976938 0.00002760000000
0.6470000000 0.00002587867265 0.00002770000000
0.6500000000 0.00002597734783 0.00002780000000
0.6530000000 0.00002607579604 0.00002790000000
0.6560000000 0.00002617401841 0.00002800000000
0.6600000000 0.00002627201608 0.00002810000000
0.6630000000 0.00002636979015 0.00002820000000
0.6660000000 0.00002646734176 0.00002830000000
0.6700000000 0.00002656467200 0.00002840000000
0.6730000000 0.00002666178199 0.00002850000000
0.6760000000 0.00002675867282 0.00002860000000
0.6800000000 0.00002685534560 0.00002870000000
0.6830000000 0.00002695180141 0.00002880000000
0.6860000000 0.00002704804135 0.00002890000000
0.6900000000 0.00002714406650 0.00002900000000
0.6930000000 0.00002723987794 0.00002910000000
0.6960000000 0.00002733547674 0.00002920000000
0.6990000000 0.00002743086396 0.00002930000000
0.7030000000 0.00002752604069 0.00002940000000
0.7060000000 0.00002762100798 0.00002950000000
0.7090000000 0.00002771576688 0.00002960000000
0.7130000000 0.00002781031844 0.00002970000000
0.7160000000 0.00002790466372 0.00002980000000
0.7190000000 0.00002799880375 0.00002990000000
0.7230000000 0.00002809273958 0.00003000000000
0.7260000000 0.00002818647224 0.00003010000000
0.7290000000 0.00002828000276 0.00003020000000
0.7330000000 0.00002837333216 0.00003030000000
0.7360000000 0.00002846646146 0.00003040000000
0.7390000000 0.00002855939168 0.00003050000000
0.7420000000 0.00002865212384 0.00003060000000
0.7460000000 0.00002874465893 0.00003070000000
0.7490000000 0.00002883699796 0.00003080000000
0.7520000000 0.00002892914193 0.00003090000000
0.7560000000 0.00002902109184 0.00003100000000
0.7590000000 0.00002911284867 0.00003110000000
0.7620000000 0.00002920441341 0.00003120000000
0.7660000000 0.00002929578703 0.00003130000000
0.7690000000 0.00002938697053 0.00003140000000
0.7720000000 0.00002947796486 0.00003150000000
0.7760000000 0.00002956877100 0.00003160000000
0.7790000000 0.00002965938991 0.00003170000000
0.7820000000 0.00002974982255 0.00003180000000
0.7850000000 0.00002984006987 0.00003190000000
0.7890000000 0.00002993013283 0.00003200000000
0.7920000000 0.00003002001237 0.00003210000000
0.7950000000 0.00003010970943 0.00003220000000
0.7990000000 0.00003019922496 0.00003220000000
0.8020000000 0.00003028855988 0.00003230000000
0.8050000000 0.00003037771513 0.00003240000000
0.8090000000 0.00003046669162 0.00003250000000
0.8120000000 0.00003055549029 0.00003260000000
0.8150000000 0.00003064411205 0.00003270000000
0.8190000000 0.00003073255780 0.00003280000000
0.8220000000 0.00003082082847 0.00003290000000
0.8250000000 0.00003090892495 0.00003300000000
0.8280000000 0.00003099684814 0.00003310000000
0.8320000000 0.00003108459894 0.00003320000000
0.8350000000 0.00003117217824 0.00003330000000
0.8380000000 0.00003125958693 0.00003340000000
0.8420000000 0.00003134682589 0.00003350000000
0.8450000000 0.00003143389600 0.00003360000000
0.8480000000 0.00003152079814 0.00003360000000
0.8520000000 0.00003160753317 0.00003370000000
0.8550000000 0.00003169410197 0.00003380000000
0.8580000000 0.00003178050540 0.00003390000000
0.8620000000 0.00003186674431 0.00003400000000
0.8650000000 0.00003195281957 0.00003410000000
0.8680000000 0.00003203873201 0.00003420000000
0.8710000000 0.00003212448250 0.00003430000000
0.8750000000 0.00003221007186 0.00003440000000
0.8780000000 0.00003229550094 0.00003450000000
0.8810000000 0.00003238077058 0.00003460000000
0.8850000000 0.00003246588160 0.00003460000000
0.8880000000 0.00003255083483 0.00003470000000
0.8910000000 0.00003263563110 0.00003480000000
0.8950000000 0.00003272027122 0.00003490000000
0.8980000000 0.00003280475600 0.00003500000000
0.9010000000 0.00003288908626 0.00003510000000
0.9050000000 0.00003297326281 0.00003520000000
0.9080000000 0.00003305728644 0.00003530000000
0.9110000000 0.00003314115796 0.00003540000000
0.9140000000 0.00003322487816 0.00003540000000
0.9180000000 0.00003330844783 0.00003550000000
0.9210000000 0.00003339186776 0.00003560000000
0.9240000000 0.00003347513873 0.00003570000000
0.9280000000 0.00003355826152 0.00003580000000
0.9310000000 0.00003364123691 0.00003590000000
0.9340000000 0.00003372406567 0.00003600000000
0.9380000000 0.00003380674856 0.00003610000000
0.9410000000 0.00003388928635 0.00003620000000
0.9440000000 0.00003397167980 0.00003620000000
0.9480000000 0.00003405392967 0.00003630000000
0.9510000000 0.00003413603670 0.00003640000000
0.9540000000 0.00003421800165 0.00003650000000
0.9570000000 0.00003429982526 0.00003660000000
0.9610000000 0.00003438150828 0.00003670000000
0.9640000000 0.00003446305143 0.00003680000000
0.9670000000 0.00003454445546 0.00003690000000
0.9710000000 0.00003462572109 0.00003690000000
0.9740000000 0.00003470684905 0.00003700000000
0.9770000000 0.00003478784006 0.00003710000000
0.9810000000 0.00003486869484 0.00003720000000
0.9840000000 0.00003494941410 0.00003730000000
0.9870000000 0.00003502999856 0.00003740000000
0.9910000000 0.00003511044892 0.00003750000000
0.9940000000 0.00003519076589 0.00003750000000
0.9970000000 0.00003527095016 0.00003760000000
1.000000000 0.00003535100243 0.00003770000000
1.004000000 0.00003543092340 0.00003780000000
1.007000000 0.00003551071375 0.00003790000000
1.010000000 0.00003559037417 0.00003800000000
1.014000000 0.00003566990534 0.00003800000000
1.017000000 0.00003574930794 0.00003810000000
1.020000000 0.00003582858264 0.00003820000000
1.024000000 0.00003590773012 0.00003830000000
1.027000000 0.00003598675104 0.00003840000000
1.030000000 0.00003606564606 0.00003850000000
1.034000000 0.00003614441584 0.00003860000000
1.037000000 0.00003622306105 0.00003860000000
1.040000000 0.00003630158233 0.00003870000000
1.043000000 0.00003637998033 0.00003880000000
1.047000000 0.00003645825571 0.00003890000000
1.050000000 0.00003653640909 0.00003900000000
1.053000000 0.00003661444113 0.00003910000000
1.057000000 0.00003669235245 0.00003910000000
1.060000000 0.00003677014368 0.00003920000000
1.063000000 0.00003684781547 0.00003930000000
1.067000000 0.00003692536842 0.00003940000000
1.070000000 0.00003700280316 0.00003950000000
1.073000000 0.00003708012032 0.00003960000000
1.077000000 0.00003715732049 0.00003960000000
1.080000000 0.00003723440431 0.00003970000000
1.083000000 0.00003731137236 0.00003980000000
1.086000000 0.00003738822526 0.00003990000000
1.090000000 0.00003746496361 0.00004000000000
1.093000000 0.00003754158800 0.00004000000000
1.096000000 0.00003761809904 0.00004010000000
1.100000000 0.00003769449730 0.00004020000000
1.103000000 0.00003777078337 0.00004030000000
1.106000000 0.00003784695785 0.00004040000000
1.110000000 0.00003792302130 0.00004050000000
1.113000000 0.00003799897431 0.00004050000000
1.116000000 0.00003807481746 0.00004060000000
1.120000000 0.00003815055130 0.00004070000000
1.123000000 0.00003822617641 0.00004080000000
1.126000000 0.00003830169336 0.00004090000000
1.129000000 0.00003837710270 0.00004090000000
1.133000000 0.00003845240498 0.00004100000000
1.136000000 0.00003852760077 0.00004110000000
1.139000000 0.00003860269062 0.00004120000000
1.143000000 0.00003867767506 0.00004130000000
1.146000000 0.00003875255466 0.00004130000000
1.149000000 0.00003882732993 0.00004140000000
1.153000000 0.00003890200144 0.00004150000000
1.156000000 0.00003897656970 0.00004160000000
1.159000000 0.00003905103525 0.00004170000000
1.162000000 0.00003912539862 0.00004170000000
1.166000000 0.00003919966033 0.00004180000000
1.169000000 0.00003927382090 0.00004190000000
1.172000000 0.00003934788086 0.00004200000000
1.176000000 0.00003942184072 0.00004210000000
1.179000000 0.00003949570098 0.00004210000000
1.182000000 0.00003956946217 0.00004220000000
1.186000000 0.00003964312477 0.00004230000000
1.189000000 0.00003971668931 0.00004240000000
1.192000000 0.00003979015627 0.00004240000000
1.196000000 0.00003986352616 0.00004250000000
1.199000000 0.00003993679947 0.00004260000000
1.202000000 0.00004000997668 0.00004270000000
1.205000000 0.00004008305828 0.00004280000000
1.209000000 0.00004015604477 0.00004280000000
1.212000000 0.00004022893661 0.00004290000000
1.215000000 0.00004030173430 0.00004300000000
1.219000000 0.00004037443829 0.00004310000000
1.222000000 0.00004044704907 0.00004310000000
1.225000000 0.00004051956710 0.00004320000000
1.229000000 0.00004059199286 0.00004330000000
1.232000000 0.00004066432679 0.00004340000000
1.235000000 0.00004073656937 0.00004350000000
1.239000000 0.00004080872105 0.00004350000000
1.242000000 0.00004088078228 0.00004360000000
1.245000000 0.00004095275352 0.00004370000000
1.248000000 0.00004102463521 0.00004380000000
1.252000000 0.00004109642779 0.00004380000000
1.255000000 0.00004116813172 0.00004390000000
1.258000000 0.00004123974742 0.00004400000000
1.262000000 0.00004131127535 0.00004410000000
1.265000000 0.00004138271592 0.00004410000000
1.268000000 0.00004145406957 0.00004420000000
1.272000000 0.00004152533672 0.00004430000000
1.275000000 0.00004159651781 0.00004440000000
1.278000000 0.00004166761326 0.00004440000000
1.282000000 0.00004173862347 0.00004450000000
1.285000000 0.00004180954888 0.00004460000000
1.288000000 0.00004188038989 0.00004470000000
1.291000000 0.00004195114691 0.00004480000000
1.295000000 0.00004202182035 0.00004480000000
1.298000000 0.00004209241062 0.00004490000000
1.301000000 0.00004216291812 0.00004500000000
1.305000000 0.00004223334324 0.00004510000000
1.308000000 0.00004230368639 0.00004510000000
1.311000000 0.00004237394796 0.00004520000000
1.315000000 0.00004244412833 0.00004530000000
1.318000000 0.00004251422790 0.00004540000000
1.321000000 0.00004258424706 0.00004540000000
1.325000000 0.00004265418618 0.00004550000000
1.328000000 0.00004272404564 0.00004560000000
1.331000000 0.00004279382583 0.00004560000000
1.334000000 0.00004286352712 0.00004570000000
1.338000000 0.00004293314987 0.00004580000000
1.341000000 0.00004300269446 0.00004590000000
1.344000000 0.00004307216126 0.00004590000000
1.348000000 0.00004314155063 0.00004600000000
1.351000000 0.00004321086293 0.00004610000000
1.354000000 0.00004328009852 0.00004620000000
1.358000000 0.00004334925775 0.00004620000000
1.361000000 0.00004341834098 0.00004630000000
1.364000000 0.00004348734856 0.00004640000000
1.368000000 0.00004355628084 0.00004650000000
1.371000000 0.00004362513816 0.00004650000000
1.374000000 0.00004369392086 0.00004660000000
1.377000000 0.00004376262930 0.00004670000000
1.381000000 0.00004383126379 0.00004680000000
1.384000000 0.00004389982469 0.00004680000000
1.387000000 0.00004396831232 0.00004690000000
1.391000000 0.00004403672701 0.00004700000000
1.394000000 0.00004410506909 0.00004700000000
1.397000000 0.00004417333888 0.00004710000000
1.401000000 0.00004424153672 0.00004720000000
1.404000000 0.00004430966290 0.00004730000000
1.407000000 0.00004437771777 0.00004730000000
1.411000000 0.00004444570163 0.00004740000000
1.414000000 0.00004451361478 0.00004750000000
1.417000000 0.00004458145756 0.00004760000000
1.420000000 0.00004464923025 0.00004760000000
1.424000000 0.00004471693317 0.00004770000000
1.427000000 0.00004478456661 0.00004780000000
1.430000000 0.00004485213089 0.00004780000000
1.434000000 0.00004491962630 0.00004790000000
1.437000000 0.00004498705312 0.00004800000000
1.440000000 0.00004505441167 0.00004810000000
1.444000000 0.00004512170222 0.00004810000000
1.447000000 0.00004518892506 0.00004820000000
1.450000000 0.00004525608049 0.00004830000000
1.454000000 0.00004532316878 0.00004830000000
1.457000000 0.00004539019022 0.00004840000000
1.460000000 0.00004545714509 0.00004850000000
1.463000000 0.00004552403365 0.00004860000000
1.467000000 0.00004559085620 0.00004860000000
1.470000000 0.00004565761299 0.00004870000000
1.473000000 0.00004572430430 0.00004880000000
1.477000000 0.00004579093040 0.00004880000000
1.480000000 0.00004585749155 0.00004890000000
1.483000000 0.00004592398801 0.00004900000000
1.487000000 0.00004599042004 0.00004900000000
1.490000000 0.00004605678792 0.00004910000000
1.493000000 0.00004612309187 0.00004920000000
1.497000000 0.00004618933218 0.00004930000000
1.500000000 0.00004625550907 0.00004930000000
1.503000000 0.00004632162282 0.00004940000000
1.506000000 0.00004638767365 0.00004950000000
1.510000000 0.00004645366182 0.00004950000000
1.513000000 0.00004651958757 0.00004960000000
1.516000000 0.00004658545114 0.00004970000000
1.520000000 0.00004665125277 0.00004970000000
1.523000000 0.00004671699270 0.00004980000000
1.526000000 0.00004678267115 0.00004990000000
1.530000000 0.00004684828837 0.00005000000000
1.533000000 0.00004691384457 0.00005000000000
1.536000000 0.00004697934000 0.00005010000000
1.540000000 0.00004704477488 0.00005020000000
1.543000000 0.00004711014942 0.00005020000000
1.546000000 0.00004717546385 0.00005030000000
1.549000000 0.00004724071839 0.00005040000000
1.553000000 0.00004730591326 0.00005040000000
1.556000000 0.00004737104868 0.00005050000000
1.559000000 0.00004743612485 0.00005060000000
1.563000000 0.00004750114199 0.00005060000000
1.566000000 0.00004756610030 0.00005070000000
1.569000000 0.00004763100000 0.00005080000000
1.573000000 0.00004769584129 0.00005080000000
1.576000000 0.00004776062437 0.00005090000000
1.579000000 0.00004782534944 0.00005100000000
1.583000000 0.00004789001671 0.00005110000000
1.586000000 0.00004795462636 0.00005110000000
1.589000000 0.00004801917861 0.00005120000000
1.592000000 0.00004808367363 0.00005130000000
1.596000000 0.00004814811162 0.00005130000000
1.599000000 0.00004821249277 0.00005140000000
1.602000000 0.00004827681727 0.00005150000000
1.606000000 0.00004834108530 0.00005150000000
1.609000000 0.00004840529705 0.00005160000000
1.612000000 0.00004846945269 0.00005170000000
1.616000000 0.00004853355241 0.00005170000000
1.619000000 0.00004859759639 0.00005180000000
1.622000000 0.00004866158481 0.00005190000000
1.626000000 0.00004872551783 0.00005190000000
1.629000000 0.00004878939563 0.00005200000000
1.632000000 0.00004885321837 0.00005210000000
1.635000000 0.00004891698624 0.00005210000000
1.639000000 0.00004898069939 0.00005220000000
1.642000000 0.00004904435800 0.00005230000000
1.645000000 0.00004910796221 0.00005230000000
1.649000000 0.00004917151221 0.00005240000000
1.652000000 0.00004923500814 0.00005250000000
1.655000000 0.00004929845016 0.00005250000000
1.659000000 0.00004936183843 0.00005260000000
1.662000000 0.00004942517311 0.00005270000000
1.665000000 0.00004948845434 0.00005270000000
1.669000000 0.00004955168229 0.00005280000000
1.672000000 0.00004961485708 0.00005290000000
1.675000000 0.00004967797889 0.00005290000000
1.678000000 0.00004974104784 0.00005300000000
1.682000000 0.00004980406410 0.00005310000000
1.685000000 0.00004986702778 0.00005310000000
1.688000000 0.00004992993905 0.00005320000000
1.692000000 0.00004999279803 0.00005330000000
1.695000000 0.00005005560487 0.00005330000000
1.698000000 0.00005011835970 0.00005340000000
1.702000000 0.00005018106266 0.00005350000000
1.705000000 0.00005024371387 0.00005350000000
1.708000000 0.00005030631347 0.00005360000000
1.711000000 0.00005036886159 0.00005370000000
1.715000000 0.00005043135836 0.00005370000000
1.718000000 0.00005049380390 0.00005380000000
1.721000000 0.00005055619833 0.00005390000000
1.725000000 0.00005061854178 0.00005390000000
1.728000000 0.00005068083438 0.00005400000000
1.731000000 0.00005074307623 0.00005400000000
1.735000000 0.00005080526747 0.00005410000000
1.738000000 0.00005086740820 0.00005420000000
1.741000000 0.00005092949854 0.00005420000000
1.745000000 0.00005099153861 0.00005430000000
1.748000000 0.00005105352852 0.00005440000000
1.751000000 0.00005111546837 0.00005440000000
1.754000000 0.00005117735828 0.00005450000000
1.758000000 0.00005123919836 0.00005460000000
1.761000000 0.00005130098871 0.00005460000000
1.764000000 0.00005136272944 0.00005470000000
1.768000000 0.00005142442064 0.00005480000000
1.771000000 0.00005148606243 0.00005480000000
1.774000000 0.00005154765490 0.00005490000000
1.778000000 0.00005160919816 0.00005500000000
1.781000000 0.00005167069229 0.00005500000000
1.784000000 0.00005173213740 0.00005510000000
1.788000000 0.00005179353358 0.00005510000000
1.791000000 0.00005185488093 0.00005520000000
1.794000000 0.00005191617953 0.00005530000000
1.797000000 0.00005197742949 0.00005530000000
1.801000000 0.00005203863088 0.00005540000000
1.804000000 0.00005209978379 0.00005550000000
1.807000000 0.00005216088832 0.00005550000000
1.811000000 0.00005222194455 0.00005560000000
1.814000000 0.00005228295255 0.00005570000000
1.817000000 0.00005234391243 0.00005570000000
1.821000000 0.00005240482425 0.00005580000000
1.824000000 0.00005246568810 0.00005580000000
1.827000000 0.00005252650405 0.00005590000000
1.831000000 0.00005258727219 0.00005600000000
1.834000000 0.00005264799260 0.00005600000000
1.837000000 0.00005270866533 0.00005610000000
1.840000000 0.00005276929048 0.00005620000000
1.844000000 0.00005282986811 0.00005620000000
1.847000000 0.00005289039830 0.00005630000000
1.850000000 0.00005295088111 0.00005640000000
1.854000000 0.00005301131662 0.00005640000000
1.857000000 0.00005307170488 0.00005650000000
1.860000000 0.00005313204598 0.00005650000000
1.864000000 0.00005319233998 0.00005660000000
1.867000000 0.00005325258693 0.00005670000000
1.870000000 0.00005331278691 0.00005670000000
1.874000000 0.00005337293997 0.00005680000000
1.877000000 0.00005343304618 0.00005690000000
1.880000000 0.00005349310560 0.00005690000000
1.883000000 0.00005355311828 0.00005700000000
1.887000000 0.00005361308428 0.00005700000000
1.890000000 0.00005367300367 0.00005710000000
1.893000000 0.00005373287649 0.00005720000000
1.897000000 0.00005379270280 0.00005720000000
1.900000000 0.00005385248266 0.00005730000000
1.903000000 0.00005391221611 0.00005740000000
1.907000000 0.00005397190321 0.00005740000000
1.910000000 0.00005403154401 0.00005750000000
1.913000000 0.00005409113856 0.00005750000000
1.917000000 0.00005415068690 0.00005760000000
1.920000000 0.00005421018908 0.00005770000000
1.923000000 0.00005426964516 0.00005770000000
1.926000000 0.00005432905517 0.00005780000000
1.930000000 0.00005438841916 0.00005780000000
1.933000000 0.00005444773717 0.00005790000000
1.936000000 0.00005450700925 0.00005800000000
1.940000000 0.00005456623543 0.00005800000000
1.943000000 0.00005462541577 0.00005810000000
1.946000000 0.00005468455029 0.00005820000000
1.950000000 0.00005474363903 0.00005820000000
1.953000000 0.00005480268204 0.00005830000000
1.956000000 0.00005486167935 0.00005830000000
1.960000000 0.00005492063100 0.00005840000000
1.963000000 0.00005497953702 0.00005850000000
1.966000000 0.00005503839744 0.00005850000000
1.969000000 0.00005509721231 0.00005860000000
1.973000000 0.00005515598164 0.00005860000000
1.976000000 0.00005521470548 0.00005870000000
1.979000000 0.00005527338386 0.00005880000000
1.983000000 0.00005533201680 0.00005880000000
1.986000000 0.00005539060433 0.00005890000000
1.989000000 0.00005544914649 0.00005890000000
1.993000000 0.00005550764330 0.00005900000000
1.996000000 0.00005556609478 0.00005910000000
1.999000000 0.00005562450097 0.00005910000000
2.003000000 0.00005568286189 0.00005920000000
2.006000000 0.00005574117756 0.00005920000000
2.009000000 0.00005579944801 0.00005930000000
2.012000000 0.00005585767326 0.00005940000000
2.016000000 0.00005591585333 0.00005940000000
2.019000000 0.00005597398825 0.00005950000000
2.022000000 0.00005603207803 0.00005960000000
2.026000000 0.00005609012269 0.00005960000000
2.029000000 0.00005614812227 0.00005970000000
2.032000000 0.00005620607677 0.00005970000000
2.036000000 0.00005626398621 0.00005980000000
2.039000000 0.00005632185061 0.00005990000000
2.042000000 0.00005637966998 0.00005990000000
2.046000000 0.00005643744435 0.00006000000000
2.049000000 0.00005649517373 0.00006000000000
2.052000000 0.00005655285814 0.00006010000000
2.055000000 0.00005661049758 0.00006010000000
2.059000000 0.00005666809208 0.00006020000000
2.062000000 0.00005672564164 0.00006030000000
2.065000000 0.00005678314628 0.00006030000000
2.069000000 0.00005684060601 0.00006040000000
2.072000000 0.00005689802084 0.00006040000000
2.075000000 0.00005695539079 0.00006050000000
2.079000000 0.00005701271585 0.00006060000000
2.082000000 0.00005706999606 0.00006060000000
2.085000000 0.00005712723140 0.00006070000000
2.089000000 0.00005718442190 0.00006070000000
2.092000000 0.00005724156756 0.00006080000000
2.095000000 0.00005729866838 0.00006090000000
2.098000000 0.00005735572438 0.00006090000000
2.102000000 0.00005741273557 0.00006100000000
2.105000000 0.00005746970194 0.00006100000000
2.108000000 0.00005752662350 0.00006110000000
2.112000000 0.00005758350027 0.00006120000000
2.115000000 0.00005764033224 0.00006120000000
2.118000000 0.00005769711943 0.00006130000000
2.122000000 0.00005775386182 0.00006130000000
2.125000000 0.00005781055944 0.00006140000000
2.128000000 0.00005786721227 0.00006140000000
2.132000000 0.00005792382033 0.00006150000000
2.135000000 0.00005798038362 0.00006160000000
2.138000000 0.00005803690214 0.00006160000000
2.141000000 0.00005809337589 0.00006170000000
2.145000000 0.00005814980487 0.00006170000000
2.148000000 0.00005820618909 0.00006180000000
2.151000000 0.00005826252854 0.00006190000000
2.155000000 0.00005831882323 0.00006190000000
2.158000000 0.00005837507316 0.00006200000000
2.161000000 0.00005843127832 0.00006200000000
2.165000000 0.00005848743872 0.00006210000000
2.168000000 0.00005854355435 0.00006210000000
2.171000000 0.00005859962522 0.00006220000000
2.175000000 0.00005865565132 0.00006230000000
2.178000000 0.00005871163265 0.00006230000000
2.181000000 0.00005876756922 0.00006240000000
2.184000000 0.00005882346101 0.00006240000000
2.188000000 0.00005887930803 0.00006250000000
2.191000000 0.00005893511027 0.00006260000000
2.194000000 0.00005899086774 0.00006260000000
2.198000000 0.00005904658042 0.00006270000000
2.201000000 0.00005910224832 0.00006270000000
2.204000000 0.00005915787144 0.00006280000000
2.208000000 0.00005921344976 0.00006280000000
2.211000000 0.00005926898329 0.00006290000000
2.214000000 0.00005932447202 0.00006300000000
2.218000000 0.00005937991595 0.00006300000000
2.221000000 0.00005943531508 0.00006310000000
2.224000000 0.00005949066940 0.00006310000000
2.227000000 0.00005954597891 0.00006320000000
2.231000000 0.00005960124359 0.00006320000000
2.234000000 0.00005965646346 0.00006330000000
2.237000000 0.00005971163851 0.00006340000000
2.241000000 0.00005976676872 0.00006340000000
2.244000000 0.00005982185410 0.00006350000000
2.247000000 0.00005987689464 0.00006350000000
2.251000000 0.00005993189033 0.00006360000000
2.254000000 0.00005998684118 0.00006360000000
2.257000000 0.00006004174718 0.00006370000000
2.260000000 0.00006009660832 0.00006380000000
2.264000000 0.00006015142460 0.00006380000000
2.267000000 0.00006020619601 0.00006390000000
2.270000000 0.00006026092255 0.00006390000000
2.274000000 0.00006031560421 0.00006400000000
2.277000000 0.00006037024100 0.00006400000000
2.280000000 0.00006042483289 0.00006410000000
2.284000000 0.00006047937991 0.00006420000000
2.287000000 0.00006053388202 0.00006420000000
2.290000000 0.00006058833924 0.00006430000000
2.294000000 0.00006064275156 0.00006430000000
2.297000000 0.00006069711897 0.00006440000000
2.300000000 0.00006075144147 0.00006440000000
2.303000000 0.00006080571905 0.00006450000000
2.307000000 0.00006085995172 0.00006450000000
2.310000000 0.00006091413947 0.00006460000000
2.313000000 0.00006096828229 0.00006470000000
2.317000000 0.00006102238018 0.00006470000000
2.320000000 0.00006107643314 0.00006480000000
2.323000000 0.00006113044116 0.00006480000000
2.327000000 0.00006118440425 0.00006490000000
2.330000000 0.00006123832240 0.00006490000000
2.333000000 0.00006129219560 0.00006500000000
2.337000000 0.00006134602385 0.00006500000000
2.340000000 0.00006139980716 0.00006510000000
2.343000000 0.00006145354552 0.00006520000000
2.346000000 0.00006150723893 0.00006520000000
2.350000000 0.00006156088739 0.00006530000000
2.353000000 0.00006161449089 0.00006530000000
2.356000000 0.00006166804943 0.00006540000000
2.360000000 0.00006172156302 0.00006540000000
2.363000000 0.00006177503166 0.00006550000000
2.366000000 0.00006182845534 0.00006550000000
2.370000000 0.00006188183406 0.00006560000000
2.373000000 0.00006193516783 0.00006570000000
2.376000000 0.00006198845665 0.00006570000000
2.380000000 0.00006204170051 0.00006580000000
2.383000000 0.00006209489942 0.00006580000000
2.386000000 0.00006214805339 0.00006590000000
2.389000000 0.00006220116240 0.00006590000000
2.393000000 0.00006225422647 0.00006600000000
2.396000000 0.00006230724560 0.00006600000000
2.399000000 0.00006236021980 0.00006610000000
2.403000000 0.00006241314905 0.00006620000000
2.406000000 0.00006246603338 0.00006620000000
2.409000000 0.00006251887278 0.00006630000000
2.413000000 0.00006257166727 0.00006630000000
2.416000000 0.00006262441684 0.00006640000000
2.419000000 0.00006267712149 0.00006640000000
2.423000000 0.00006272978125 0.00006650000000
2.426000000 0.00006278239611 0.00006650000000
2.429000000 0.00006283496609 0.00006660000000
2.432000000 0.00006288749118 0.00006660000000
2.436000000 0.00006293997140 0.00006670000000
2.439000000 0.00006299240676 0.00006680000000
2.442000000 0.00006304479727 0.00006680000000
2.446000000 0.00006309714293 0.00006690000000
2.449000000 0.00006314944375 0.00006690000000
2.452000000 0.00006320169976 0.00006700000000
2.456000000 0.00006325391095 0.00006700000000
2.459000000 0.00006330607735 0.00006710000000
2.462000000 0.00006335819896 0.00006710000000
2.466000000 0.00006341027579 0.00006720000000
2.469000000 0.00006346230787 0.00006720000000
2.472000000 0.00006351429520 0.00006730000000
2.475000000 0.00006356623780 0.00006740000000
2.479000000 0.00006361813569 0.00006740000000
2.482000000 0.00006366998888 0.00006750000000
2.485000000 0.00006372179738 0.00006750000000
2.489000000 0.00006377356123 0.00006760000000
2.492000000 0.00006382528043 0.00006760000000
2.495000000 0.00006387695500 0.00006770000000
2.499000000 0.00006392858496 0.00006770000000
2.502000000 0.00006398017034 0.00006780000000
2.505000000 0.00006403171115 0.00006780000000
2.509000000 0.00006408320742 0.00006790000000
2.512000000 0.00006413465916 0.00006800000000
2.515000000 0.00006418606641 0.00006800000000
2.518000000 0.00006423742918 0.00006810000000
2.522000000 0.00006428874750 0.00006810000000
2.525000000 0.00006434002140 0.00006820000000
2.528000000 0.00006439125089 0.00006820000000
2.532000000 0.00006444243602 0.00006830000000
2.535000000 0.00006449357680 0.00006830000000
2.538000000 0.00006454467326 0.00006840000000
2.542000000 0.00006459572543 0.00006840000000
2.545000000 0.00006464673335 0.00006850000000
2.548000000 0.00006469769705 0.00006850000000
2.552000000 0.00006474861654 0.00006860000000
2.555000000 0.00006479949188 0.00006860000000
2.558000000 0.00006485032308 0.00006870000000
2.561000000 0.00006490111020 0.00006880000000
2.565000000 0.00006495185325 0.00006880000000
2.568000000 0.00006500255228 0.00006890000000
2.571000000 0.00006505320732 0.00006890000000
2.575000000 0.00006510381841 0.00006900000000
2.578000000 0.00006515438560 0.00006900000000
2.581000000 0.00006520490891 0.00006910000000
2.585000000 0.00006525538839 0.00006910000000
2.588000000 0.00006530582408 0.00006920000000
2.591000000 0.00006535621603 0.00006920000000
2.595000000 0.00006540656428 0.00006930000000
2.598000000 0.00006545686886 0.00006930000000
2.601000000 0.00006550712983 0.00006940000000
2.604000000 0.00006555734724 0.00006940000000
2.608000000 0.00006560752112 0.00006950000000
2.611000000 0.00006565765153 0.00006950000000
2.614000000 0.00006570773853 0.00006960000000
2.618000000 0.00006575778214 0.00006970000000
2.621000000 0.00006580778244 0.00006970000000
2.624000000 0.00006585773947 0.00006980000000
2.628000000 0.00006590765328 0.00006980000000
2.631000000 0.00006595752394 0.00006990000000
2.634000000 0.00006600735149 0.00006990000000
2.638000000 0.00006605713599 0.00007000000000
2.641000000 0.00006610687750 0.00007000000000
2.644000000 0.00006615657607 0.00007010000000
2.647000000 0.00006620623178 0.00007010000000
2.651000000 0.00006625584468 0.00007020000000
2.654000000 0.00006630541482 0.00007020000000
2.657000000 0.00006635494228 0.00007030000000
2.661000000 0.00006640442712 0.00007030000000
2.664000000 0.00006645386941 0.00007040000000
2.667000000 0.00006650326920 0.00007040000000
2.671000000 0.00006655262658 0.00007050000000
2.674000000 0.00006660194160 0.00007050000000
2.677000000 0.00006665121434 0.00007060000000
2.681000000 0.00006670044488 0.00007060000000
2.684000000 0.00006674963327 0.00007070000000
2.687000000 0.00006679877961 0.00007070000000
2.690000000 0.00006684788395 0.00007080000000
2.694000000 0.00006689694639 0.00007090000000
2.697000000 0.00006694596699 0.00007090000000
2.700000000 0.00006699494584 0.00007100000000
2.704000000 0.00006704388301 0.00007100000000
2.707000000 0.00006709277859 0.00007110000000
2.710000000 0.00006714163266 0.00007110000000
2.714000000 0.00006719044530 0.00007120000000
2.717000000 0.00006723921660 0.00007120000000
2.720000000 0.00006728794665 0.00007130000000
2.724000000 0.00006733663554 0.00007130000000
2.727000000 0.00006738528335 0.00007140000000
2.730000000 0.00006743389017 0.00007140000000
2.733000000 0.00006748245610 0.00007150000000
2.737000000 0.00006753098123 0.00007150000000
2.740000000 0.00006757946565 0.00007160000000
2.743000000 0.00006762790947 0.00007160000000
2.747000000 0.00006767631277 0.00007170000000
2.750000000 0.00006772467567 0.00007170000000
2.753000000 0.00006777299825 0.00007180000000
2.757000000 0.00006782128062 0.00007180000000
2.760000000 0.00006786952289 0.00007190000000
2.763000000 0.00006791772515 0.00007190000000
2.767000000 0.00006796588752 0.00007200000000
2.770000000 0.00006801401010 0.00007200000000
2.773000000 0.00006806209301 0.00007210000000
2.776000000 0.00006811013634 0.00007210000000
2.780000000 0.00006815814022 0.00007220000000
2.783000000 0.00006820610476 0.00007220000000
2.786000000 0.00006825403007 0.00007230000000
2.790000000 0.00006830191627 0.00007230000000
2.793000000 0.00006834976348 0.00007240000000
2.796000000 0.00006839757182 0.00007240000000
2.800000000 0.00006844534141 0.00007250000000
2.803000000 0.00006849307237 0.00007250000000
2.806000000 0.00006854076482 0.00007260000000
2.810000000 0.00006858841890 0.00007260000000
2.813000000 0.00006863603473 0.00007270000000
2.816000000 0.00006868361244 0.00007270000000
2.819000000 0.00006873115216 0.00007280000000
2.823000000 0.00006877865402 0.00007280000000
2.826000000 0.00006882611815 0.00007290000000
2.829000000 0.00006887354470 0.00007290000000
2.833000000 0.00006892093380 0.00007300000000
2.836000000 0.00006896828559 0.00007300000000
2.839000000 0.00006901560021 0.00007310000000
2.843000000 0.00006906287780 0.00007310000000
2.846000000 0.00006911011850 0.00007320000000
2.849000000 0.00006915732247 0.00007320000000
2.852000000 0.00006920448985 0.00007330000000
2.856000000 0.00006925162078 0.00007330000000
2.859000000 0.00006929871542 0.00007340000000
2.862000000 0.00006934577393 0.00007340000000
2.866000000 0.00006939279645 0.00007350000000
2.869000000 0.00006943978314 0.00007350000000
2.872000000 0.00006948673416 0.00007360000000
2.876000000 0.00006953364967 0.00007360000000
2.879000000 0.00006958052983 0.00007370000000
2.882000000 0.00006962737481 0.00007370000000
2.886000000 0.00006967418476 0.00007380000000
2.889000000 0.00006972095986 0.00007380000000
2.892000000 0.00006976770028 0.00007390000000
2.895000000 0.00006981440618 0.00007390000000
2.899000000 0.00006986107774 0.00007400000000
2.902000000 0.00006990771512 0.00007400000000
2.905000000 0.00006995431852 0.00007410000000
2.909000000 0.00007000088810 0.00007410000000
2.912000000 0.00007004742405 0.00007420000000
2.915000000 0.00007009392654 0.00007420000000
2.919000000 0.00007014039576 0.00007430000000
2.922000000 0.00007018683190 0.00007430000000
2.925000000 0.00007023323514 0.00007440000000
2.929000000 0.00007027960567 0.00007440000000
2.932000000 0.00007032594369 0.00007450000000
2.935000000 0.00007037224938 0.00007450000000
2.938000000 0.00007041852294 0.00007460000000
2.942000000 0.00007046476458 0.00007460000000
2.945000000 0.00007051097448 0.00007470000000
2.948000000 0.00007055715285 0.00007470000000
2.952000000 0.00007060329989 0.00007480000000
2.955000000 0.00007064941581 0.00007480000000
2.958000000 0.00007069550081 0.00007490000000
2.962000000 0.00007074155510 0.00007490000000
2.965000000 0.00007078757890 0.00007500000000
2.968000000 0.00007083357241 0.00007500000000
2.972000000 0.00007087953586 0.00007510000000
2.975000000 0.00007092546946 0.00007510000000
2.978000000 0.00007097137342 0.00007520000000
2.981000000 0.00007101724798 0.00007520000000
2.985000000 0.00007106309335 0.00007530000000
2.988000000 0.00007110890976 0.00007530000000
2.991000000 0.00007115469743 0.00007540000000
2.995000000 0.00007120045660 0.00007540000000
2.998000000 0.00007124618750 0.00007550000000
3.001000000 0.00007129189037 0.00007550000000
3.005000000 0.00007133756543 0.00007560000000
3.008000000 0.00007138321293 0.00007560000000
3.011000000 0.00007142883310 0.00007570000000
3.015000000 0.00007147442620 0.00007570000000
3.018000000 0.00007151999246 0.00007580000000
3.021000000 0.00007156553213 0.00007580000000
3.024000000 0.00007161104547 0.00007590000000
3.028000000 0.00007165653272 0.00007590000000
3.031000000 0.00007170199413 0.00007600000000
3.034000000 0.00007174742997 0.00007600000000
3.038000000 0.00007179284049 0.00007610000000
3.041000000 0.00007183822595 0.00007610000000
3.044000000 0.00007188358661 0.00007620000000
3.048000000 0.00007192892275 0.00007620000000
3.051000000 0.00007197423462 0.00007630000000
3.054000000 0.00007201952249 0.00007630000000
3.058000000 0.00007206478664 0.00007640000000
3.061000000 0.00007211002735 0.00007640000000
3.064000000 0.00007215524488 0.00007650000000
3.067000000 0.00007220043952 0.00007650000000
3.071000000 0.00007224561155 0.00007660000000
3.074000000 0.00007229076125 0.00007660000000
3.077000000 0.00007233588891 0.00007660000000
3.081000000 0.00007238099481 0.00007670000000
3.084000000 0.00007242607925 0.00007670000000
3.087000000 0.00007247114252 0.00007680000000
3.091000000 0.00007251618491 0.00007680000000
3.094000000 0.00007256120673 0.00007690000000
3.097000000 0.00007260620826 0.00007690000000
3.101000000 0.00007265118983 0.00007700000000
3.104000000 0.00007269615172 0.00007700000000
3.107000000 0.00007274109425 0.00007710000000
3.110000000 0.00007278601773 0.00007710000000
3.114000000 0.00007283092247 0.00007720000000
3.117000000 0.00007287580878 0.00007720000000
3.120000000 0.00007292067699 0.00007730000000
3.124000000 0.00007296552741 0.00007730000000
3.127000000 0.00007301036036 0.00007740000000
3.130000000 0.00007305517617 0.00007740000000
3.134000000 0.00007309997517 0.00007750000000
3.137000000 0.00007314475769 0.00007750000000
3.140000000 0.00007318952405 0.00007760000000
3.144000000 0.00007323427460 0.00007760000000
3.147000000 0.00007327900967 0.00007770000000
3.150000000 0.00007332372961 0.00007770000000
3.153000000 0.00007336843474 0.00007780000000
3.157000000 0.00007341312543 0.00007780000000
3.160000000 0.00007345780201 0.00007780000000
3.163000000 0.00007350246485 0.00007790000000
3.167000000 0.00007354711428 0.00007790000000
3.170000000 0.00007359175067 0.00007800000000
3.173000000 0.00007363637438 0.00007800000000
3.177000000 0.00007368098576 0.00007810000000
3.180000000 0.00007372558518 0.00007810000000
3.183000000 0.00007377017301 0.00007820000000
3.187000000 0.00007381474962 0.00007820000000
3.190000000 0.00007385931537 0.00007830000000
3.193000000 0.00007390387064 0.00007830000000
3.196000000 0.00007394841582 0.00007840000000
3.200000000 0.00007399295127 0.00007840000000
3.203000000 0.00007403747738 0.00007850000000
3.206000000 0.00007408199454 0.00007850000000
3.210000000 0.00007412650313 0.00007860000000
3.213000000 0.00007417100355 0.00007860000000
3.216000000 0.00007421549619 0.00007870000000
3.220000000 0.00007425998144 0.00007870000000
3.223000000 0.00007430445970 0.00007870000000
3.226000000 0.00007434893138 0.00007880000000
3.230000000 0.00007439339688 0.00007880000000
3.233000000 0.00007443785661 0.00007890000000
3.236000000 0.00007448231098 0.00007890000000
3.239000000 0.00007452676040 0.00007900000000
3.243000000 0.00007457120529 0.00007900000000
3.246000000 0.00007461564606 0.00007910000000
3.249000000 0.00007466008314 0.00007910000000
3.253000000 0.00007470451695 0.00007920000000
3.256000000 0.00007474894792 0.00007920000000
3.259000000 0.00007479337648 0.00007930000000
3.263000000 0.00007483780307 0.00007930000000
3.266000000 0.00007488222811 0.00007940000000
3.269000000 0.00007492665205 0.00007940000000
3.273000000 0.00007497107533 0.00007940000000
3.276000000 0.00007501549840 0.00007950000000
3.279000000 0.00007505992170 0.00007950000000
3.282000000 0.00007510434568 0.00007960000000
3.286000000 0.00007514877080 0.00007960000000
3.289000000 0.00007519319752 0.00007970000000
3.292000000 0.00007523762628 0.00007970000000
3.296000000 0.00007528205757 0.00007980000000
3.299000000 0.00007532649183 0.00007980000000
3.302000000 0.00007537092955 0.00007990000000
3.306000000 0.00007541537119 0.00007990000000
3.309000000 0.00007545981722 0.00008000000000
